社会责任报告
利润分配
会计变更
关联资金
年度报告
财务信息
季度报告
承诺履行
公司章程
财务信息
日常关联交易
辞职
增资
监管
变更
任职
辞职
减持
成立
独立董事
募集资金
限售股份
监事会
董事会
股东大会
股票交易异常波动
重大事项
债券兑付
债券发行
债券募集
债券评级
债券管理
H股发行
首次公开发行
短期融资券发行

28 [25, 37, 108, 115, 117, 127, 129, 562, 1068, 1165, 1166, 1299, 1323, 1591, 1653, 1688, 1690, 1730, 1736, 1749, 1863, 2451, 2817, 2880, 2915, 3490, 3563, 3859]
n_crash_t-1 5.191028786778798 -4.5164940819163135
63 [308, 488, 545, 670, 696, 704, 793, 885, 897, 956, 1054, 1083, 1109, 1148, 1377, 1403, 1570, 1908, 1943, 2095, 2134, 2145, 2181, 2235, 2274, 2307, 2376, 2726, 3311, 3320, 3340, 3454, 3456, 3461, 3481, 3485, 3493, 3498, 3508, 3513, 3514, 3517, 3536, 3564, 3568, 3574, 3603, 3635, 3638, 3649, 3667, 3685, 3733, 3773, 3818, 3829, 3879, 3891, 3895, 3896, 3927, 3933, 3948]
d_crash_t-1 1.9056586828335067 -2.1402784184972083
16 [308, 670, 1054, 1561, 2093, 2134, 2439, 2660, 3456, 3461, 3498, 3536, 3568, 3574, 3603, 3773]
dturnover_t-1 0.009330371274850372 -0.010009050203457968
41 [126, 276, 278, 281, 764, 1043, 1179, 1675, 1707, 1720, 2301, 2356, 2546, 2547, 2563, 2564, 2653, 2718, 2774, 2799, 2882, 2926, 2997, 3087, 3120, 3158, 3159, 3174, 3217, 3236, 3252, 3365, 3426, 3492, 3510, 3543, 3615, 3706, 3800, 3846, 3875]
ret_t-1 0.02284832468229997 -0.02571132841980856
45 [204, 1308, 1324, 1668, 1675, 1750, 1968, 2001, 2130, 2136, 2284, 2326, 2447, 2517, 2660, 2663, 2677, 2679, 2763, 2774, 2836, 2849, 2863, 2870, 2895, 2913, 2915, 2919, 2920, 2923, 2926, 2948, 2961, 3015, 3057, 3087, 3120, 3152, 3164, 3170, 3197, 3217, 3228, 3285, 3494]
sigma_t-1 0.13016716891843605 -0.022682949266446838
51 [224, 361, 495, 1117, 1668, 1675, 1908, 1968, 2136, 2145, 2148, 2430, 2447, 2547, 2564, 2615, 2663, 2677, 2730, 2763, 2809, 2836, 2845, 2849, 2859, 2870, 2877, 2895, 2905, 2913, 2923, 2924, 2926, 2931, 2935, 2948, 2962, 2963, 2982, 3057, 3120, 3130, 3152, 3157, 3164, 3170, 3197, 3217, 3285, 3490, 3494]
size_t-1 26.28582872894282 19.7043102694947
25 [524, 965, 988, 1189, 1205, 1479, 1515, 2060, 2094, 2362, 2369, 2394, 2638, 2649, 2654, 2660, 2677, 2691, 2970, 3271, 3286, 3883, 3899, 3900, 3916]
mb_t-1 48.93900572846521 -41.8624392411808
10 [30, 479, 2107, 2524, 2601, 3017, 3177, 3217, 3390, 3757]
lev_t-1 0.39082377970990556 -0.2374635594572313
72 [52, 135, 195, 252, 301, 304, 305, 326, 332, 337, 375, 376, 394, 454, 465, 482, 491, 518, 643, 711, 714, 750, 776, 817, 818, 903, 919, 936, 940, 983, 1106, 1216, 1219, 1268, 1280, 1431, 1448, 1452, 1528, 1578, 1633, 1772, 1890, 1978, 2014, 2018, 2096, 2109, 2167, 2222, 2364, 2477, 2586, 2601, 2607, 2692, 2779, 2824, 2976, 3086, 3108, 3217, 3223, 3301, 3409, 3432, 3594, 3681, 3705, 3852, 3926, 3937]
roa_t-1 0.3073466135641225 -0.2738108962280903
9 [168, 206, 1543, 1973, 2706, 3357, 3426, 3673, 3803]
abacc_t-1 2.175151438088945 -2.037104647548113
1 [2107]
e_t-1 0.5253847830945738 -0.3579929630728018
105 [21, 25, 37, 50, 53, 59, 108, 115, 119, 121, 127, 129, 429, 562, 607, 628, 694, 695, 751, 774, 896, 942, 1003, 1068, 1165, 1166, 1167, 1200, 1228, 1289, 1323, 1332, 1381, 1406, 1497, 1539, 1581, 1591, 1628, 1653, 1688, 1690, 1730, 1736, 1746, 1749, 1752, 1757, 1786, 1809, 1821, 1852, 1936, 1948, 1950, 2005, 2015, 2053, 2122, 2157, 2171, 2192, 2217, 2243, 2246, 2276, 2278, 2317, 2340, 2343, 2349, 2411, 2440, 2451, 2535, 2595, 2759, 2817, 2818, 2845, 2880, 2940, 2943, 3045, 3210, 3284, 3287, 3305, 3365, 3453, 3470, 3487, 3490, 3561, 3563, 3567, 3603, 3662, 3676, 3714, 3755, 3761, 3859, 3897, 3910]
s_t-1 0.8846965303460934 -0.11371467859065287
17 [113, 449, 778, 1323, 1328, 1471, 1684, 1689, 1711, 1823, 2872, 3090, 3243, 3412, 3494, 3902, 3942]
g_t-1 0.5974298287327836 -0.23209893759050504
53 [33, 47, 69, 82, 95, 100, 127, 809, 954, 1027, 1123, 1137, 1184, 1329, 1366, 1429, 1607, 1649, 1662, 1732, 1838, 1846, 1949, 2180, 2196, 2239, 2251, 2311, 2315, 2326, 2330, 2356, 2520, 2659, 2728, 2784, 2797, 2842, 2852, 2914, 2924, 2935, 2961, 3003, 3011, 3036, 3092, 3122, 3126, 3132, 3174, 3189, 3193]
r2 0.9863417024436957 -0.24728518195878835
0 []
synchrony 2.8850634985206454 -4.318632729054863
43 [41, 607, 915, 960, 1142, 1175, 1406, 1444, 1512, 1560, 1618, 1628, 1736, 1817, 1841, 1956, 1974, 1977, 2114, 2149, 2217, 2706, 2816, 2907, 2915, 2920, 2956, 2984, 3016, 3131, 3202, 3212, 3229, 3303, 3320, 3346, 3406, 3453, 3523, 3571, 3641, 3812, 3947]
shrhN 262.8148286224777 -127.0229298883005
66 [510, 527, 709, 719, 990, 1209, 1214, 1221, 1242, 1439, 1604, 1678, 1679, 1704, 1932, 1969, 2061, 2098, 2115, 2147, 2152, 2362, 2369, 2592, 2655, 2657, 2674, 2691, 2697, 2698, 2720, 2753, 2930, 3050, 3311, 3344, 3350, 3360, 3395, 3401, 3457, 3475, 3476, 3491, 3502, 3509, 3516, 3550, 3562, 3590, 3596, 3610, 3752, 3853, 3860, 3876, 3879, 3891, 3893, 3899, 3900, 3902, 3913, 3921, 3934, 3939]
csrt 115.3275216604545 -16.168660900960866
0 []

